5 98 88 14450
9 3 8 2300
87 64 63 22550
58 57 29 14450
67 58 41 17050
27 8 8 5250
90 49 50 20950
94 42 46 20800
42 24 14 8900
53 7 32 11500
25 4 6 4550
59 15 47 14300
22 18 29 7100
54 8 7 9200
9 1 26 4000
62 88 22 15900
90 20 16 16100
10 52 1 4200
41 31 77 15400
56 69 94 21250
29 39 30 9300
11 74 2 5550
70 60 53 18800
49 78 52 16450
37 53 96 17800
97 42 75 24150
40 27 28 10150
19 46 77 12850
57 23 51 14800
55 33 2 10100
59 15 30 12600
94 64 79 25200
30 25 79 13650
79 57 30 17700
54 8 13 9800
22 87 90 16650
95 26 71 22650
33 76 11 9850
76 85 96 25250
100 78 70 25900
63 36 91 20350
27 6 5 4850
40 5 39 10150
32 91 3 9650
51 57 47 15200
73 9 36 15000
22 56 73 13400
44 81 25 13150
85 69 41 20300
31 1 45 9200
30 59 35 10950
28 43 45 10850
90 23 87 23350
69 89 7 15500
51 81 52 16900
31 68 6 8650
35 68 21 10750
76 50 82 22100
81 24 55 18850
63 75 22 15400
70 33 75 19650
57 88 76 20550
34 77 80 16950
63 32 40 15050
66 79 21 15950
40 4 0 6200
74 41 30 16150
11 52 60 10250
29 59 48 12100
68 86 11 15600
11 19 15 4100
47 69 58 16300
83 85 47 21400
48 27 7 9250
32 0 54 10200
57 4 10 9750
6 27 83 10550
13 99 38 10700
0 67 96 12950
68 50 38 16500
93 88 7 19050
94 33 90 24750
34 16 42 10100
99 27 11 17300
4 67 39 7850
13 82 97 15750
84 10 90 22100
38 86 42 14200
65 22 65 17350
4 12 66 7800
20 1 94 12450
16 99 16 8950
21 17 40 8000
59 56 17 13350
13 89 72 13600
33 81 30 12000
60 4 1 9300
66 1 100 19950
68 62 53 18600
93 99 69 25800
32 43 45 11450
38 54 19 10300
54 22 90 18200
64 79 62 19750
94 75 33 21150
16 48 79 12700
40 81 88 18850
99 97 68 26500
55 58 70 18150
34 51 24 10050
93 28 41 19450
97 85 33 22100
76 98 30 19300
14 39 97 13750
68 55 92 22150
67 15 0 10800
56 10 86 17500
2 88 37 8400
22 76 27 9800
89 93 66 24600
82 48 59 20600
91 99 18 20400
9 47 72 10900
39 62 20 10950
89 77 19 19100
10 33 98 12950
8 80 24 7600
62 72 92 22100
66 7 78 18050
15 76 55 11550
89 67 22 18900
11 11 36 5800
67 64 55 18750
44 30 18 9900
82 28 27 16400
33 42 7 7750
84 91 5 17650
75 49 7 14400
40 78 67 16600
23 61 66 13100
56 75 64 18550
70 94 52 20400
99 26 8 16950
88 69 59 22550
54 66 32 14600
99 61 95 27400
81 53 94 24200
79 26 17 14850
45 37 74 16000
17 80 93 15850
38 42 14 9200
79 89 11 17400
83 6 24 15150
16 86 49 11600
50 54 74 17600
35 68 43 12950
30 65 16 9350
91 51 34 19600
6 51 38 7250
25 65 87 15700
79 4 42 16250
12 16 93 11900
70 54 90 22200
61 17 17 11700
59 63 10 13000
2 52 0 2900
25 34 85 13950
47 36 95 18350
51 18 55 14050
79 67 78 23000
74 58 96 23600
53 54 98 20450
74 38 0 13000
57 5 40 12800
41 94 90 19850
27 18 55 10450
60 4 80 17200
48 34 55 14400
24 41 69 12550
99 82 44 23350
17 43 8 5500
67 74 64 20150
76 91 87 24650
20 65 83 14550
63 35 55 16700
100 58 93 27200
88 72 58 22600
24 16 72 11600
59 30 38 14150
7 85 9 6200
54 91 87 21350
79 27 74 20600
37 10 82 14250
52 14 51 13600
75 15 95 21500
30 61 77 15250
76 53 96 23650
68 100 7 15900
29 59 57 13000
57 88 96 22550
10 38 84 11800
36 49 84 16250
25 58 27 9350
31 32 11 7350
31 92 26 11850
52 70 26 13900
63 36 77 18950
84 47 18 16750
55 48 43 14950
1 98 14 6450
82 62 1 15500
75 44 81 21550
98 100 2 19900
21 100 35 11650
69 6 89 19550
51 22 45 13250
58 78 42 16800
17 19 51 8600
4 93 95 14750
51 82 96 21350
19 4 92 12250
3 11 49 5900
5 60 17 5450
74 94 18 17600
89 73 79 24900
71 62 66 20350
15 57 14 6500
95 45 87 25200
13 96 23 9050
13 69 28 8200
89 26 24 17050
45 67 50 15100
52 46 84 18500
45 100 42 15950
34 88 94 18900
61 81 21 15300
24 3 5 4250
4 10 88 9900
81 17 61 19100
25 34 24 7850
84 30 89 23000
100 42 100 27100
37 19 53 11800
26 14 72 11800
78 98 92 25800
46 17 66 14350
8 0 52 6400
93 21 67 21700
29 55 2 7300
21 42 88 14050
21 42 15 6750
21 25 38 8200
65 83 25 16400
11 53 91 13400
0 24 98 11000
87 20 25 16550
50 76 58 17100
2 98 16 6800
60 16 56 15400
63 26 60 16750
100 77 35 22350
57 83 99 22600
37 44 14 9150
5 28 33 5450
27 71 19 9500
53 3 63 14400
20 45 72 12450
42 51 62 15050
84 18 61 19600
66 60 36 16500
4 79 73 11850
48 54 42 14100
62 56 13 13400
2 94 87 13700
32 74 84 16900
15 94 77 14650
1 66 4 3850
88 64 59 22300
82 23 30 16450
23 20 17 6150
28 27 21 7650
53 79 65 18400
78 77 18 17350
4 50 17 4800
5 48 9 4050
77 55 0 14300
18 20 6 4300
4 4 84 9200
80 65 23 17550
18 90 33 10500
23 65 51 11800
4 91 15 6650
75 15 25 14500
56 66 4 12100
51 9 26 10700
45 28 18 9950
39 7 6 6800
74 92 15 17200
4 89 79 12950
72 34 66 19100
24 83 44 12150
100 79 23 21250
41 46 8 9250
78 56 26 17100
68 6 26 13100
56 81 90 21450
72 87 62 21350
0 61 18 4850
40 48 38 12200
52 35 6 10150
62 84 21 15600
21 90 59 13550
11 100 22 8850
42 85 67 17250
85 20 28 16550
16 74 43 10400
62 42 22 13600
2 70 89 12700
0 0 63 6300
53 25 12 10400
18 1 71 9850
28 30 83 14000
38 88 54 15500
68 68 21 15700
9 94 3 6350
28 47 35 10050
47 47 91 18500
72 64 44 18400
91 79 30 20600
93 95 62 24900
31 96 86 18050
9 28 37 6450
93 53 4 17000
24 23 35 8250
32 66 24 10500
13 3 38 5900
53 61 91 20100
54 58 92 20200
45 21 44 12200
56 35 38 13950
19 68 13 7550
70 9 44 15350
64 9 98 19850
36 43 60 13550
9 96 9 7050
77 72 41 19250
60 89 73 20750
39 5 20 8100
4 87 37 8650
19 60 2 6050
37 51 96 17700
9 65 50 9600
45 9 65 13700
57 71 49 17000
36 61 45 12950
91 27 88 23800
54 54 57 16500
64 27 88 19750
5 41 77 10500
2 81 54 9750
35 56 86 16650
66 19 44 15250
100 59 26 20550
77 65 94 24200
7 87 66 12000
89 2 91 22550
10 86 67 12500
63 16 46 14850
43 48 10 9850
85 28 26 16750
88 78 53 22400
88 93 45 22350
97 47 65 23400
15 83 61 12500
64 8 36 13600
39 21 48 11700
76 12 13 13300
33 0 79 12850
47 48 1 9550
33 82 62 15250
69 89 52 20000
7 44 60 9250
62 88 44 18100
45 88 100 21150
78 20 55 18200
33 100 87 18650
66 1 94 19350
13 20 14 4350
15 76 71 13150
66 25 63 17450
82 27 30 16650
9 68 29 7650
92 65 65 23550
28 88 42 12800
92 33 70 22450
58 44 7 11600
82 40 17 16000
0 99 30 7950
62 39 42 15450
68 89 3 14950
42 37 70 15150
42 60 74 16700
74 6 44 15800
70 98 29 18300
38 81 16 11350
88 90 5 18200
14 16 13 4200
66 58 15 14300
51 63 32 14000
70 37 92 21550
40 98 76 18500
76 61 10 15450
58 28 37 13800
82 48 26 17300
39 97 31 13800
32 42 75 14400
33 76 73 16050
68 14 98 20700
0 70 77 11200
88 53 48 20650
75 48 38 17450
24 74 72 14500
2 74 75 11500
98 32 70 23300
81 86 46 21050
35 92 27 12550
65 26 51 16150
13 89 62 12600
33 71 77 16200
28 69 26 10250
69 54 9 13950
92 50 6 16900
94 37 23 18250
71 95 28 18200
89 97 62 24400
69 67 84 22100
80 73 72 22850
61 14 2 10050
31 27 23 8300
26 70 98 17200
91 87 77 25700
36 86 99 19600
94 27 96 25050
92 75 79 25450
1 61 81 11300
3 35 35 5700
59 53 22 13700
14 18 58 8800
50 7 98 17650
30 10 47 9700
56 27 6 10350
28 49 4 7050
3 18 60 7350
15 58 77 12850
71 93 74 22700
32 96 25 12100
5 89 51 10300
45 56 90 18550
26 23 67 11750
48 22 67 15000
75 52 70 20850
55 94 45 17450
25 67 100 17100
56 31 84 18350
26 30 15 6900
40 41 55 13550
93 53 67 23300
92 73 53 22750
84 24 25 16300
45 70 47 14950
67 89 54 19900
4 2 7 1400
30 41 76 14150
93 6 1 14350
17 6 75 10350
10 18 63 8700
47 57 21 12000
86 26 91 23300
7 50 70 10550
20 100 25 10500
46 66 83 18500
94 8 11 15600
84 44 48 19600
71 4 68 17650
36 3 8 6350
25 61 67 13500
14 67 58 11250
41 1 98 16000
55 54 36 14550
53 57 70 17800
86 55 35 19150
25 89 7 8900
6 9 96 10950
55 48 40 14650
72 91 16 16950
70 91 74 22450
71 65 72 21100
6 63 90 13050
75 18 71 19250
84 11 83 21450
36 64 78 16400
82 95 28 19850
0 5 95 9750
62 53 16 13550
63 1 22 11700
34 36 84 15300
23 28 88 13650
26 94 61 14700
44 77 52 15650
26 34 98 15400
77 93 2 16400
7 10 98 11350
21 30 24 7050
91 93 56 23900
61 26 54 15850
9 27 99 12600
75 2 61 17450
78 9 51 17250
26 77 5 8250
71 5 43 15200
91 89 65 24600
27 97 3 9200
45 61 71 16900
97 6 46 19450
50 13 42 12350
59 78 3 13050
30 98 76 17000
81 9 63 18900
81 96 36 20550
72 46 16 14700
5 12 37 5050
100 28 43 20700
74 3 24 13650
27 27 43 9700
64 3 59 15650
95 54 26 19550
6 94 9 6500
66 86 71 21300
29 1 48 9200
59 61 19 13800
67 53 51 17800
85 57 61 21700
22 71 31 9950
52 72 1 11500
71 86 53 20250
94 99 48 23850
27 82 42 12350
56 80 51 17500
69 71 82 22100
42 41 77 16050
53 96 86 21350
46 26 97 17900
61 93 100 23800
32 23 10 6950
11 84 26 8450
19 17 10 4700
47 58 93 19250
5 23 87 10600
78 73 50 20350
70 17 17 13050
20 86 16 8900
75 36 90 22050
61 34 65 17350
16 45 63 10950
27 72 36 11250
75 72 76 22450
14 45 26 6950
54 12 9 9600
29 85 20 10600
99 0 44 19250
19 50 69 12250
75 13 99 21800
42 41 78 16150
81 66 80 23450
72 28 22 14400
0 29 28 4250
11 39 43 7900
20 94 18 9500
91 61 61 22800
0 77 1 3950
55 46 35 14050
10 17 1 2450
42 100 37 15000
23 6 13 5050
56 95 19 15050
87 72 72 23850
79 75 62 21800
86 62 77 23700
22 9 97 13450
20 25 6 4850
72 59 28 16550
89 39 20 17300
90 71 62 23250
44 58 61 15600
85 73 42 20600
25 42 93 15150
78 54 15 15900
11 70 34 8550
6 63 68 10850
21 92 80 15750
19 84 95 16550
83 63 99 25500
15 80 6 6850
13 100 40 10950
35 52 85 16350
22 82 96 17000
65 82 57 19550
24 64 98 16600
22 59 25 8750
71 64 83 22150
100 65 20 20250
42 9 95 16250
16 73 32 9250
31 82 13 10050
98 6 3 15300
59 79 45 17300
58 89 100 23150
44 57 68 16250
28 42 15 7800
25 69 91 16300
6 27 66 8850
7 48 7 4150
92 23 75 22450
13 28 60 9350
89 76 1 17250
94 69 67 24250
90 2 36 17200
48 34 43 13200
90 48 77 23600
82 73 50 20950
75 13 76 19500
49 70 15 12350
80 96 85 25300
62 64 2 12700
56 75 84 20550
40 7 46 10950
95 15 11 16100
69 91 29 17800
16 81 41 10550
44 62 90 18700
97 26 67 22550
63 26 38 14550
49 100 29 15250
73 66 100 24250
5 92 73 12650
43 64 49 14550
10 0 38 5300
34 2 34 8600
35 37 73 14400
91 67 17 18700
47 30 85 17050
77 43 51 18800
99 33 66 23100
54 73 3 12050
34 25 6 6950
46 59 75 17350
79 97 96 26300
78 83 13 17150
0 94 24 7100
99 12 0 15450
77 78 79 23350
33 3 16 6700
94 85 21 20450
48 27 59 14450
35 42 18 9150
40 8 30 9400
98 9 59 21050
100 18 68 22700
58 1 99 18650
49 53 100 20000
3 76 14 5650
89 5 1 13700
4 73 30 7250
52 2 33 11200
36 3 24 7950
58 37 4 10950
41 17 64 13400
91 43 19 17700
72 82 84 23300
15 62 83 13650
32 67 30 11150
24 59 22 8750
73 1 22 13200
64 58 26 15100
38 11 38 10050
42 62 14 10800
85 46 8 15850
4 55 97 13050
63 73 28 15900
33 14 77 13350
65 21 66 17400
41 70 56 15250
96 53 54 22450
98 3 35 18350
91 61 39 20600
45 70 58 16050
64 82 74 21100
41 99 64 17500
53 79 29 14800
87 10 4 13950
55 34 92 19150
23 44 82 13850
73 68 95 23850
9 96 19 8050
73 40 91 22050
20 36 56 10400
53 55 26 13300
9 83 23 7800
97 43 31 19800
24 19 7 5250
35 71 52 14000
24 50 37 9800
36 1 75 12950
11 34 69 10250
97 59 86 26100
24 11 1 4250
88 64 32 19600
72 23 69 18850
12 96 68 13400
36 43 0 7550
63 75 88 22000
92 93 99 28350
99 93 56 25100
79 7 14 13600
94 100 99 29000
97 73 75 25700
56 79 75 19850
57 60 54 16950
19 92 100 17450
76 90 58 21700
43 40 46 13050
30 77 91 17450
60 38 13 12200
81 65 82 23600
52 27 44 13550
9 23 98 12300
5 92 61 11450
30 65 64 14150
100 41 6 17650
22 83 29 10350
6 98 22 8000
94 48 98 26300
27 58 27 9650
63 5 50 14700
97 9 7 15700
35 12 62 12050
79 66 9 16050
37 9 72 13200
73 17 20 13800
58 46 10 12000
23 71 85 15500
8 55 33 7250
68 74 90 22900
5 29 54 7600
4 5 9 1750
26 4 17 5800
37 27 94 16300
70 69 91 23050
94 12 38 18500
21 76 54 12350
53 43 1 10200
98 0 68 21500
36 83 86 18150
1 38 45 6550
38 89 100 20150
87 4 68 20050
72 100 50 20800
83 96 66 23850
58 47 62 17250
22 73 67 13650
12 55 48 9350
67 26 17 13050
34 46 33 10700
81 0 9 13050
53 31 22 11700
87 49 91 24600
70 63 42 17850
62 95 74 21450
74 61 93 23450
91 52 36 19850
18 5 49 7850
2 57 63 9450
68 69 2 13850
85 42 22 17050
70 67 32 17050
62 66 95 22100
64 15 64 16750
73 69 68 21200
72 17 56 17250
68 53 18 14650
75 51 73 21100
97 30 84 24450
86 75 3 16950
97 26 35 19350
93 17 56 20400
79 17 50 17700
52 45 66 16650
58 22 28 12600
12 55 56 10150
65 63 37 16600
97 59 96 27100
51 35 0 9400
33 14 56 11250
76 75 81 23250
86 30 98 24200
96 91 99 28850
52 11 20 10350
96 75 96 27750
34 95 16 11450
0 33 68 8450
37 26 42 11050
52 80 33 15100
2 45 94 11950
15 76 1 6150
20 7 6 3950
87 49 39 19400
82 66 84 24000
76 72 85 23500
29 77 97 17900
78 98 4 17000
94 62 25 19700
59 31 77 18100
93 60 73 24250
82 24 75 21000
25 80 49 12650
40 24 90 16200
64 75 90 22350
61 48 43 15850
81 49 52 19800
20 80 8 7800
97 21 18 17400
67 2 75 17650
21 41 79 13100
43 8 36 10450
61 80 91 22250
77 12 12 13350
37 40 31 10650
33 67 0 8300
34 23 85 14750
14 74 35 9300
3 75 78 12000
15 60 44 9650
11 73 18 7100
57 29 28 12800
27 57 72 14100
82 10 40 16800
68 92 50 19800
10 39 70 10450
92 15 92 23750
17 71 66 12700
76 18 36 15900
32 98 64 16100
66 69 7 14050
32 62 79 15800
98 29 30 19150
39 7 20 8200
66 80 94 23300
43 4 35 10150
52 17 29 11550
30 81 27 11250
67 2 73 17450
95 22 69 22250
68 28 4 12000
26 45 64 12550
1 58 39 6950
78 99 37 20350
29 85 18 10400
88 68 47 21300
17 95 3 7600
14 3 39 6150
86 61 79 23850
80 87 90 25350
69 50 12 14050
11 6 82 10150
79 34 42 17750
95 77 38 21900
30 1 53 9850
1 64 61 9450
64 50 26 14700
51 36 23 11750
27 72 37 11350
51 63 45 15300
72 95 19 17450
71 95 61 21500
91 58 97 26250
32 34 15 8000
15 81 21 8400
35 54 43 12250
61 5 16 11000
70 27 64 18250
23 17 61 10400
51 75 88 20200
60 85 38 17050
36 95 54 15550
27 99 44 13400
42 84 43 14800
4 6 16 2500
75 27 39 16500
23 37 10 6300
70 87 36 18450
36 79 47 14050
11 72 53 10550
63 31 45 15500
0 34 53 7000
0 72 89 12500
64 88 83 22300
5 26 32 5250
25 9 56 9800
30 17 11 6450
53 86 39 16150
27 91 37 12300
19 24 95 13550
95 35 32 19200
26 43 100 16050
51 50 25 12650
49 22 78 16250
13 0 45 6450
36 25 17 8350
22 68 84 15100
32 23 57 11650
92 1 32 17050
92 7 88 22950
64 62 99 22600
72 15 43 15850
8 79 15 6650
66 76 44 18100
92 95 22 20750
16 36 67 10900
70 40 66 19100
31 41 91 15800
70 96 73 22600
60 93 93 22950
85 29 7 14900
66 53 69 19450
51 63 87 19500
33 70 14 9850
34 10 62 11800
0 1 18 1850
57 69 48 16800
52 38 91 18800
65 12 71 17450
4 60 7 4300
23 69 95 16400
2 55 33 6350
6 48 62 9500
23 58 60 12350
25 81 0 7800
8 60 36 7800
12 23 10 3950
96 24 34 19000
73 72 1 14650
31 53 8 8100
52 84 22 14200
1 76 20 5950
58 39 47 15350
68 89 28 17450
81 2 99 22150
81 91 60 22700
41 28 39 11450
62 34 87 19700
37 91 83 18400
54 81 67 18850
33 72 77 16250
87 64 62 22450
78 40 8 14500
2 13 13 2250
83 49 88 23700
11 15 39 6300
22 42 14 6800
75 86 97 25250
87 31 62 20800
54 94 35 16300
66 27 91 20350
98 61 9 18650
8 33 42 7050
57 13 27 11900
68 34 45 16400
41 92 2 10950
25 74 82 15650
91 47 62 22200
18 59 37 9350
9 51 73 11200
29 12 63 11250
98 93 89 28250
12 26 66 9700
100 98 10 20900
18 6 99 12900
50 94 18 14000
89 34 79 22950
53 25 33 12500
2 52 39 6800
21 63 45 10800
95 32 73 23150
23 27 10 5800
10 2 44 6000
21 96 96 17550
31 24 1 5950
0 71 97 13250
21 100 20 10150
66 3 87 18750
